1 1 14 8 18
1 2 45 8 15
1 3 92 4 13
2 1 3 12 5
2 2 7 14 23
2 3 70 2 4
3 1 44 3 22
3 2 48 3 24
3 3 44 6 19
4 1 41 5 6
4 2 3 4 28
4 3 8 9 20
5 1 84 12 1
5 2 24 14 13
5 3 90 13 13
6 1 54 11 8
6 2 12 5 26
6 3 81 15 13
7 1 62 8 6
7 2 4 2 26
7 3 70 1 17
8 1 20 8 6
8 2 70 12 27
8 3 6 10 29
9 1 84 15 1
9 2 14 9 26
9 3 70 13 22
10 1 63 6 1
10 2 69 13 7
10 3 70 1 23
11 1 32 10 8
11 2 74 13 22
11 3 84 10 23
12 1 20 2 24
12 2 88 1 3
12 3 34 8 27
13 1 78 15 18
13 2 41 13 4
13 3 99 4 22
14 1 95 13 22
14 2 12 4 23
14 3 12 2 9
15 1 60 8 13
15 2 89 5 27
15 3 6 9 21
16 1 80 1 16
16 2 81 10 3
16 3 11 8 17
17 1 8 13 7
17 2 16 5 7
17 3 78 11 20
18 1 77 6 16
18 2 79 9 12
18 3 63 15 6
19 1 20 13 4
19 2 26 15 23
19 3 17 7 29
20 1 9 14 27
20 2 93 14 22
20 3 72 7 5
